image_width: 640
image_height: 480
camera_name: usb_cam
camera_matrix:
  rows: 3
  cols: 3
  data: [356.528087, 0.000000, 347.208505, 0.000000, 358.962305, 242.265865, 0.000000, 0.000000, 1.000000]
distortion_model: plumb_bob
distortion_coefficients:
  rows: 1
  cols: 5
  data: [-0.311566, 0.074460, -0.003667, -0.001818, 0.000000]
rectification_matrix:
  rows: 3
  cols: 3
  data: [1.000000, 0.000000, 0.000000, 0.000000, 1.000000, 0.000000, 0.000000, 0.000000, 1.000000]
projection_matrix:
  rows: 3
  cols: 4
  data: [255.224762, 0.000000, 346.544975, 0.000000, 0.000000, 296.920166, 239.557458, 0.000000, 0.000000, 0.000000, 1.000000, 0.000000]
