image_width: 640
image_height: 480
camera_name: usb_cam
camera_matrix:
  rows: 3
  cols: 3
  data: [369.721374, 0.000000, 326.581101, 0.000000, 371.087667, 236.510947, 0.000000, 0.000000, 1.000000]
distortion_model: plumb_bob
distortion_coefficients:
  rows: 1
  cols: 5
  data: [-0.346953, 0.113405, -0.002992, -0.000073, 0.000000]
rectification_matrix:
  rows: 3
  cols: 3
  data: [1.000000, 0.000000, 0.000000, 0.000000, 1.000000, 0.000000, 0.000000, 0.000000, 1.000000]
projection_matrix:
  rows: 3
  cols: 4
  data: [281.415863, 0.000000, 325.416613, 0.000000, 0.000000, 308.344330, 232.128592, 0.000000, 0.000000, 0.000000, 1.000000, 0.000000]
